10,174
10,277
10,35
10,7
10,275
10,108
10,70
11,25
11,24
11,13
9,2
8,12
8,14
8,7
8,11
32,3
32,2
8,18
8,8
32,1
32,0
29,3
29,2
29,1
12,2
12,3
12,1
11,27
11,26
11,23
11,22
11,21
11,20
11,19
11,18
11,17
11,16
11,15
11,12
11,11
11,8
11,7
11,6
11,5
11,4
11,3
11,2
11,1
10,300
10,296
10,286
10,285
10,283
10,281
10,262
10,259
10,258
10,220
10,210
20,2
20,1
10,207
10,195
20,3
10,185
10,176
10,172
19,2
19,1
10,159
19,3
10,158
10,146
10,145
10,123
10,122
10,116
10,112
10,106
10,101
10,96
10,89
10,86
10,84
10,69
10,68
18,1
10,33
18,3
10,27
10,25
14,1
10,14
10,8
10,3
10,2
14,3
